7 0.9527681660899654 0.5731064975009612 0.09446366782006921 0.8537831603229528
7 0.8440599769319492 0.568246828143022 0.12295271049596308 0.6845520953479431
7 0.22846020761245672 0.5664628988850442 0.2940916955017301 0.8670780469050365
1 0.8251297577854672 0.2575778546712803 0.08207035755478662 0.06733948481353326
1 0.2285351787773933 0.18101114955786235 0.15151672433679356 0.1094963475586313
8 0.2231603229527105 0.532083813917724 0.2677912341407151 0.4760745866974241
8 0.8519290657439446 0.4427335640138408 0.11180219146482123 0.22956555171088044
6 0.959506920415225 0.4397539407920031 0.0809890426758939 0.30708189158016147
4 0.959506920415225 0.1863360246059208 0.0809890426758939 0.06857362552864284
0 0.8419550173010381 0.8869857747020378 0.07306516724336794 0.052110726643598615
0 0.8310409457900808 0.8593079584775086 0.03391868512110727 0.02826605151864667