7 0.09118534482758621 0.46136 0.18237068965517242 0.27588666666666667
7 0.08119252873563218 0.6526266666666667 0.16238505747126436 0.15764999999999998
7 0.5446192528735633 0.4781666666666667 0.18987068965517243 0.29791333333333336
7 0.7819540229885058 0.5135233333333333 0.33477011494252873 0.4242633333333333
7 0.924705459770115 0.47585 0.15058908045977012 0.29095666666666664
8 0.08068965517241379 0.42530666666666667 0.16137931034482758 0.12079
6 0.5404238505747126 0.43558 0.18635057471264366 0.10375999999999999
6 0.7687068965517241 0.4328766666666667 0.32611350574712644 0.1805
6 0.9364224137931034 0.4150433333333334 0.11647270114942529 0.10808333333333334
1 0.5497413793103448 0.34749 0.07920258620689655 0.027020000000000002
1 0.09783764367816092 0.34046666666666664 0.10249281609195401 0.03675
1 0.08269396551724138 0.6112166666666667 0.11880028735632184 0.07025333333333333
1 0.7500718390804597 0.3247933333333333 0.13044540229885057 0.04431333333333333
1 0.8875000000000001 0.34208666666666665 0.07920258620689655 0.029183333333333332
0 0.7279382183908045 0.7074133333333332 0.13277298850574712 0.035666666666666666
0 0.8234482758620689 0.6884966666666666 0.07221264367816092 0.04107333333333333
0 0.4880100574712643 0.60149 0.0861853448275862 0.020536666666666665
0 0.5940014367816092 0.6068933333333334 0.051250000000000004 0.029183333333333332
0 0.9084698275862069 0.6068933333333334 0.051250000000000004 0.027020000000000002
0 0.874691091954023 0.5858166666666667 0.03494252873563219 0.023780000000000003