7 0.31040333333333336 0.5913644444444445 0.08575999999999999 0.11775999999999999
7 0.2464 0.5154177777777778 0.096 0.13994666666666666
7 0.34048333333333336 0.5000577777777778 0.05376 0.20821333333333333
7 0.11008 0.4889644444444445 0.07424 0.29184
7 0.5299233333333333 0.5452844444444445 0.07424 0.2304
7 0.6899233333333333 0.5196844444444444 0.064 0.23381333333333335
1 0.5324833333333333 0.45483111111111113 0.030719999999999997 0.042666666666666665
1 0.6912033333333334 0.4224044444444444 0.025599999999999998 0.032426666666666666
1 0.34240333333333334 0.4189911111111111 0.03456 0.04608
1 0.12927999999999998 0.36778666666666665 0.030719999999999997 0.03925333333333333
1 0.28224 0.4855511111111111 0.02688 0.04608
1 0.3078433333333333 0.5410177777777777 0.024319999999999998 0.023893333333333332
8 0.10944 0.4445911111111111 0.057600000000000005 0.11434666666666665
8 0.23616 0.4881111111111111 0.06528 0.06826666666666667
8 0.30400333333333335 0.6058711111111111 0.057600000000000005 0.09216
8 0.34278333333333333 0.4882222222222222 0.04396 0.09103555555555556
6 0.52797 0.5000666666666667 0.06079333333333333 0.10475111111111111
6 0.6935166666666668 0.4907155555555555 0.05331 0.09602222222222223