7 0.6382066052227343 0.354757785467128 0.13130184331797237 0.34425317185697807
7 0.25937403993855607 0.3959717416378316 0.1485215053763441 0.32000865051903116
7 0.11623271889400923 0.3224336793540946 0.23246543778801845 0.6448673587081892
7 0.8720852534562211 0.3609688581314879 0.05668586789554532 0.06711937716262976
7 0.910241935483871 0.31103806228373704 0.05014592933947773 0.0491118800461361
1 0.6660560675883257 0.2046309111880046 0.07194700460829492 0.04583621683967705
1 0.2791359447004608 0.2678143021914648 0.09304531490015361 0.05692618223760092
8 0.07495391705069125 0.26846020761245676 0.14990399385560677 0.07115916955017301
8 0.27741167434715824 0.40430795847750867 0.12405913978494625 0.16948673587081892
8 0.6513133640552995 0.29368800461361017 0.0964900153609831 0.11644175317185698
7 0.4971313364055299 0.4685207612456747 0.09993855606758834 0.14430795847750866
6 0.4990514592933948 0.45841983852364476 0.09609447004608294 0.07792675893886966
1 0.4937557603686636 0.40608419838523646 0.03552227342549923 0.025337370242214535
8 0.8824884792626728 0.36484140715109575 0.038828725038402456 0.041649365628604385
8 0.9118855606758833 0.31694636678200694 0.03549923195084485 0.032485582468281426
1 0.8747196620583717 0.3365196078431372 0.027734254992319508 0.013327566320645905
1 0.9107757296466973 0.28820934256055364 0.019969278033794162 0.00999423298731257