7 0.69061 0.8031288888888889 0.04986 0.23716444444444446
7 0.8698299999999999 0.5965066666666667 0.047163333333333335 0.16170222222222222
7 0.8718533333333334 0.48780444444444443 0.053899999999999997 0.08444444444444445
7 0.13003666666666666 0.7362666666666666 0.12801666666666667 0.5274666666666666
1 0.13468333333333335 0.49444444444444446 0.044693333333333335 0.03543111111111111
8 0.13528666666666667 0.54196 0.08938666666666667 0.03382222222222222
8 0.13347666666666666 0.7400577777777778 0.10267333333333332 0.1658888888888889
8 0.6867066666666666 0.7593866666666667 0.032613333333333334 0.07247555555555556
8 0.8658533333333334 0.5737066666666666 0.038836666666666665 0.06472444444444445
8 0.8707066666666666 0.47484888888888893 0.04148333333333334 0.04354222222222222
1 0.8639633333333333 0.5276 0.02614 0.024035555555555553
1 0.8655266666666667 0.4540133333333333 0.019946666666666668 0.018995555555555557
1 0.6892133333333333 0.6938444444444445 0.02493333333333333 0.021844444444444444