7 0.19833333333333333 0.15777777777777777 0.07 0.27111111111111114
7 0.2675 0.5777777777777777 0.13166666666666665 0.41333333333333333
7 0.44416666666666665 0.7911111111111111 0.055 0.38666666666666666
7 0.5541066666666666 0.803968888888889 0.10005666666666667 0.3920666666666667
7 0.6864600000000001 0.6780177777777777 0.15705 0.24486222222222226
1 0.4423766666666667 0.6143066666666667 0.0425 0.03863555555555556
1 0.2912166666666667 0.3985911111111111 0.053123333333333335 0.05795555555555556
1 0.21925666666666666 0.037991111111111114 0.03477333333333333 0.032195555555555554
8 0.27769333333333335 0.5112755555555555 0.09176 0.15711999999999998
8 0.5500733333333333 0.7475999999999999 0.09562333333333334 0.17643555555555557
8 0.6997866666666667 0.6400622222222223 0.10528333333333334 0.1262088888888889
1 0.6270966666666666 0.5816755555555555 0.03435 0.04987111111111111
1 0.5599233333333333 0.6274799999999999 0.02061 0.019337777777777777