7 0.15401672433679353 0.4264746543778802 0.2770098039215686 0.29808755760368666
7 0.07306805074971165 0.13354070660522274 0.1257871972318339 0.23166282642089095
7 0.34570934256055363 0.19774193548387095 0.1373961937716263 0.37777649769585253
1 0.06426758938869666 0.34088325652841783 0.07977797001153403 0.10920122887864823
1 0.025484429065743944 0.045745007680491556 0.02437716262975779 0.038367895545314896
8 0.34267877739331026 0.11493855606758833 0.07361303344867358 0.1588863287250384
8 0.20053056516724338 0.4005990783410139 0.18276239907727798 0.20283410138248845
0 0.23536332179930797 0.5363594470046084 0.07950115340253748 0.05851382488479263
0 0.14174163783160323 0.5259101382488479 0.051257208765859284 0.03761520737327189
0 0.40357554786620525 0.390894777265745 0.022929642445213377 0.03053763440860215
8 0.0819838523644752 0.09513824884792627 0.07574971164936563 0.10088325652841781