8 0.6302508650519031 0.4421390168970814 0.03653690888119954 0.06831029185867896
8 0.5399625144175317 0.43044162826420884 0.040049019607843135 0.0355568356374808
8 0.5796597462514418 0.4514976958525346 0.03232122260668974 0.07018049155145929
7 0.5764994232987313 0.4823771121351766 0.038644752018454444 0.20492703533026113
7 0.6270876585928489 0.47301843317972353 0.040049019607843135 0.19744239631336405
7 0.5350432525951557 0.4440130568356375 0.05410034602076125 0.07766513056835637
1 0.5788581314878892 0.385226574500768 0.021871395617070355 0.016912442396313364
1 0.620836216839677 0.37958909370199695 0.02680795847750865 0.020672043010752688
0 0.5623039215686274 0.5717357910906298 0.017707612456747405 0.02248463901689708
0 0.5892762399077278 0.5755721966205837 0.016470588235294115 0.02577572964669739
0 0.6220155709342561 0.5522657450076804 0.02100057670126874 0.017549923195084485
0 0.6380738177623991 0.5632334869431644 0.011118800461361015 0.026324884792626728