7 0.17747404844290657 0.31125336409073434 0.3019261822376009 0.3397270280661284
7 0.42048731257208766 0.29750865051903114 0.20472029988465976 0.5950173010380623
6 0.4241695501730104 0.15022683583237217 0.19441176470588237 0.29652441368704346
7 0.7658621683967706 0.31321799307958476 0.2268137254901961 0.6264359861591695
7 0.9381603229527105 0.37311418685121106 0.1236764705882353 0.7462245290272972
1 0.18189158016147633 0.19735870818915804 0.08395040369088812 0.08836985774702037
1 0.9381603229527105 0.08640522875816994 0.1236764705882353 0.16495578623606305
8 0.7791176470588236 0.15022683583237217 0.14433679354094578 0.29652441368704346
8 0.21134948096885814 0.3210726643598616 0.16348327566320647 0.15906189926951173
0 0.2054700115340254 0.47299500192233757 0.04890138408304499 0.046897347174163787
0 0.2771049596309112 0.4689888504421376 0.04632641291810842 0.04804306036139946
0 0.4205795847750865 0.552083813917724 0.029544405997693195 0.0544559784698193
0 0.47427335640138407 0.5657362552864283 0.0414878892733564 0.06286043829296424
0 0.6883102652825837 0.6078508266051519 0.04903114186851211 0.07166089965397923
0 0.7858996539792388 0.5965359477124182 0.05940311418685121 0.06160322952710495
0 0.8754728950403691 0.6285928489042676 0.10277393310265283 0.06537485582468282
0 0.9146049596309112 0.6857939254133025 0.06788927335640138 0.06914648212226067