7 0.04626297577854671 0.5896505376344087 0.07523356401384083 0.08291858678955452
7 0.7523269896193772 0.5050038402457757 0.04496539792387543 0.1623847926267281
7 0.711683967704729 0.5758294930875576 0.06399077277970011 0.07831413210445469
7 0.8158852364475201 0.5274615975422428 0.0596683967704729 0.17965821812596006
7 0.8573933102652826 0.4986712749615975 0.031995386389850056 0.15662442396313364
7 0.8816061130334486 0.5217012288786482 0.0354555940023068 0.17735407066052228
7 0.9676470588235294 0.48657834101382486 0.03977797001153402 0.09098310291858679
7 0.9564042675893887 0.5718010752688172 0.057073241061130334 0.0863748079877112
1 0.9408391003460207 0.5625883256528418 0.022482698961937716 0.03109447004608295
1 0.9706718569780853 0.45029953917050686 0.023347750865051902 0.02072964669738863
1 0.8928460207612456 0.44108678955453146 0.023347750865051902 0.02533794162826421
1 0.8625807381776239 0.4330261136712749 0.02161764705882353 0.02072964669738863
1 0.8362024221453287 0.45114823348694316 0.026943483275663205 0.028878648233486945
1 0.7550461361014994 0.4340821812596006 0.0302277970011534 0.024504608294930876
1 0.7034602076124568 0.5426036866359447 0.02168396770472895 0.015752688172043013
1 0.036787773933102653 0.5579185867895545 0.017586505190311418 0.02013056835637481
8 0.055928489042675895 0.5948924731182795 0.03994809688581315 0.06317972350230415
8 0.7218339100346022 0.5766013824884793 0.032459630911188 0.05453533026113671
8 0.7495501730103806 0.4775115207373272 0.03495674740484429 0.05985407066052228
8 0.820210495963091 0.49280721966205837 0.027465397923875434 0.06517665130568356
6 0.8585668973471742 0.46798387096774197 0.026283160322952713 0.04557603686635945
8 0.8862197231833909 0.5018932411674347 0.029019607843137254 0.06964285714285715
8 0.9676672433679354 0.49678955453149004 0.03750865051903115 0.05578725038402458
8 0.9613725490196078 0.5447388632872504 0.03914359861591696 0.036463133640552994