7 0.6782622222222222 0.47666333333333333 0.1889911111111111 0.40945666666666664
7 0.7839555555555556 0.41000333333333333 0.07839555555555555 0.25093666666666664
7 0.8539511111111111 0.4126266666666667 0.10639555555555555 0.31498333333333334
8 0.6775644444444444 0.40790333333333334 0.1735911111111111 0.15224000000000001
1 0.6327644444444445 0.30028333333333335 0.08679555555555556 0.04619666666666667
1 0.7783555555555556 0.29975999999999997 0.04759555555555556 0.030446666666666667
1 0.8546533333333334 0.26563666666666663 0.06859555555555556 0.0273
3 0.09073333333333333 0.3857866666666666 0.12143111111111113 0.03991
3 0.07811111111111112 0.34767 0.04161333333333333 0.01279
3 0.13541777777777778 0.3566233333333333 0.07299555555555556 0.019443333333333333
3 0.19442666666666666 0.35508666666666666 0.038204444444444444 0.01842
8 0.7837644444444445 0.3636566666666667 0.07961777777777777 0.07537333333333333
6 0.8668177777777777 0.36050333333333334 0.07314666666666667 0.10259333333333333
0 0.7296444444444444 0.6621566666666667 0.06390222222222222 0.039123333333333336
0 0.6272711111111111 0.6543333333333333 0.052164444444444444 0.029343333333333332
0 0.8235377777777778 0.57364 0.07433333333333333 0.018583333333333334
0 0.8091955555555556 0.5501666666666667 0.027386666666666667 0.02054