7 0.6101377777777778 0.43237 0.17562666666666668 0.10349666666666667
1 0.675711111111111 0.4071366666666667 0.04447555555555555 0.03763333333333334
1 0.31020000000000003 0.26686333333333334 0.05017777777777778 0.04276666666666667
1 0.4242444444444444 0.27285 0.027368888888888887 0.01881666666666667
1 0.3963022222222222 0.33187 0.04447555555555555 0.03934666666666667
7 0.26857333333333333 0.35025666666666666 0.1334311111111111 0.21297666666666665
7 0.3831866666666667 0.35752999999999996 0.07983111111111112 0.12316666666666666
7 0.3940222222222222 0.2843966666666667 0.07412888888888888 0.03164666666666666
8 0.5964488888888889 0.40671 0.1254488888888889 0.04875333333333333
8 0.2508977777777778 0.29594333333333334 0.08439111111111111 0.09579666666666667
8 0.3803377777777778 0.30877333333333334 0.06728444444444444 0.01881666666666667
8 0.38832 0.28183 0.053599999999999995 0.026516666666666664