1 0.1850788158400615 0.3201643598615917 0.04113033448673587 0.024463667820069205
6 0.17692425990003846 0.3576585928489042 0.06878508266051518 0.0388235294117647
7 0.17806997308727412 0.3556862745098039 0.07678585159554017 0.09598327566320645
1 0.21966166858900424 0.23855247981545558 0.036316801230296035 0.03250865051903114
8 0.223760092272203 0.27282006920415225 0.05623221837754709 0.05886966551326413
1 0.2278623606305267 0.17001730103806229 0.026943483275663205 0.016695501730103805
8 0.23313341022683584 0.2104354094579008 0.03748942714340638 0.04656862745098039
8 0.27472126105344097 0.3044492502883506 0.029288735101883893 0.051839677047289506
7 0.2337254901960784 0.29699538638985007 0.06450980392156862 0.1488696655132641
7 0.2267781622452903 0.1991147635524798 0.07244905805459438 0.07964532871972317
7 0.29327566320645904 0.3007179930795848 0.06252595155709342 0.0774134948096886
1 0.29922722029988463 0.2761534025374856 0.030765090349865434 0.0267964244521338
1 0.8718569780853517 0.4015455594002307 0.06292964244521339 0.03121107266435986
8 0.8972318339100346 0.4647289504036909 0.0771357170319108 0.08906286043829297
7 0.8551480199923106 0.4598731257208766 0.1491272587466359 0.15243079584775088
0 0.797762399077278 0.523457324106113 0.03644367550941946 0.02020184544405998