7 0.5249 0.3890088888888889 0.07508000000000001 0.21601777777777778
7 0.5914166666666667 0.4171111111111111 0.060590000000000005 0.2827555555555556
7 0.6678166666666667 0.4294044444444444 0.06849333333333334 0.30032000000000003
7 0.05795666666666667 0.3573955555555555 0.055323333333333335 0.18792
7 0.8098933333333332 0.39210666666666666 0.033313333333333334 0.08466666666666667
7 0.9582366666666666 0.4046 0.05933666666666666 0.1651688888888889
7 0.8609033333333334 0.39141333333333334 0.027066666666666666 0.09160888888888889
1 0.6766466666666667 0.29703111111111113 0.03747666666666667 0.03608888888888889
1 0.5886833333333333 0.28870222222222225 0.03643333333333333 0.03331111111111111
1 0.5527666666666666 0.29425333333333337 0.03123 0.02776
1 0.05465333333333334 0.2727422222222222 0.023943333333333334 0.018044444444444446
1 0.9634400000000001 0.33381333333333335 0.026023333333333332 0.02081777777777778
1 0.8130633333333334 0.3546933333333333 0.010626666666666666 0.014168888888888889
1 0.8671466666666667 0.35456444444444446 0.007706666666666667 0.010275555555555555
8 0.8621700000000001 0.3761688888888889 0.01906666666666667 0.03416
8 0.80944 0.38014222222222227 0.024430000000000004 0.03892888888888889
8 0.9595899999999999 0.39682666666666666 0.04826333333333333 0.08341777777777777
8 0.6712066666666666 0.3908666666666667 0.06494666666666667 0.12075555555555555
8 0.5937466666666666 0.3781555555555556 0.05660333333333333 0.11757777777777778
8 0.5124166666666666 0.3582933333333333 0.06196666666666667 0.11757777777777778
8 0.05779666666666666 0.3249288888888889 0.04647333333333333 0.07785333333333333